4,4,mar,fri,85.9,19.5,57.3,2.8,13.7,43,5.8,0,0
2,5,jul,sat,91.6,104.2,474.9,9,18.7,53,1.8,0,0
7,5,sep,sat,92.8,73.2,713,22.6,19.3,38,4,0,0
4,5,mar,fri,91.7,33.3,77.5,9,17.2,26,4.5,0,0
8,3,sep,thu,93.7,80.9,685.2,17.9,23.2,26,4.9,0,23.41
6,5,mar,thu,91.3,20.6,43.5,8.5,13.3,27,3.6,0,6.61
8,5,oct,mon,84.9,32.8,664.2,3,16.7,47,4.9,0,0
7,6,jul,tue,93.1,180.4,430.8,11,26.9,28,5.4,0,86.45
8,5,sep,sun,89.7,90,704.4,4.8,17.8,67,2.2,0,2.01
5,4,sep,fri,92.1,99,745.3,9.6,10.1,75,3.6,0,3.71
3,5,mar,tue,88.1,25.7,67.6,3.8,15.5,27,6.3,0,0
6,5,sep,thu,92.8,119,783.5,7.5,16.8,28,4,0,1.01
4,3,sep,fri,92.5,122,789.7,10.2,17.3,45,4,0,3.94
7,4,oct,sat,90.6,43.7,686.9,6.7,14.6,33,1.3,0,0
6,5,aug,sun,92,203.2,664.5,8.1,19.1,70,2.2,0,0
6,5,dec,tue,85.4,25.4,349.7,2.6,5.1,24,8.5,0,24.77
9,5,jun,wed,93.3,49.5,297.7,14,28,34,4.5,0,8.16
6,5,sep,sat,91.2,94.3,744.4,8.4,15.4,57,4.9,0,39.35
5,4,sep,fri,94.3,85.1,692.3,15.9,20.1,47,4.9,0,1.46
3,4,mar,sat,91.7,35.8,80.8,7.8,11.6,30,6.3,0,0
1,2,jul,sat,90,51.3,296.3,8.7,16.6,53,5.4,0,0.71
4,3,sep,sat,92.2,102.3,751.5,8.4,23.5,27,4,0,3.33
8,8,aug,wed,91.7,191.4,635.9,7.8,26.2,36,4.5,0,185.76
4,6,sep,thu,93.7,80.9,685.2,17.9,17.6,42,3.1,0,0
4,3,sep,tue,91.9,111.7,770.3,6.5,15.9,53,2.2,0,2.93
2,2,aug,tue,94.8,108.3,647.1,17,24.6,22,4.5,0,8.71
7,4,sep,mon,90.9,126.5,686.5,7,19.4,48,1.3,0,0
4,6,dec,thu,84.6,26.4,352,2,5.1,61,4.9,0,5.38
2,4,jan,sat,82.1,3.7,9.3,2.9,5.3,78,3.1,0,0
7,3,mar,mon,87.6,52.2,103.8,5,11,46,5.8,0,27.35
7,4,sep,fri,92.1,99,745.3,9.6,20.6,43,3.6,0,2.03
2,4,aug,mon,92.1,207,672.6,8.2,27.9,33,2.2,0,2.35
4,6,dec,sun,84.4,27.2,353.5,6.8,4.8,57,8.5,0,8.98
7,4,jul,sat,91.6,104.2,474.9,9,24.2,32,1.8,0,0
4,3,sep,sun,90.5,96.7,750.5,11.4,20.4,55,4.9,0,3.64
3,4,mar,tue,88.1,25.7,67.6,3.8,15.8,27,7.6,0,0
8,6,sep,mon,91.9,111.7,770.3,6.5,15.7,51,2.2,0,0
7,5,aug,sat,93.7,231.1,715.1,8.4,26.4,33,3.6,0,0
6,5,mar,sun,90.1,37.6,83.7,7.2,12.4,54,3.6,0,12.1
4,6,dec,fri,84.7,26.7,352.6,4.1,2.2,59,4.9,0,9.27
2,2,sep,fri,92.4,117.9,668,12.2,23,37,4.5,0,0
8,6,aug,sat,92.2,81.8,480.8,11.9,20.1,34,4.5,0,58.3
6,5,sep,sat,87.1,291.3,860.6,4,17,67,4.9,0,3.95
1,2,aug,tue,91,121.2,561.6,7,21.6,19,6.7,0,0
7,4,aug,sat,91.8,170.9,692.3,13.7,23.7,40,1.8,0,1.38
6,5,apr,thu,81.5,9.1,55.2,2.7,5.8,54,5.8,0,4.61
4,5,mar,thu,91.4,30.7,74.3,7.5,18.2,29,3.1,0,0
7,5,mar,fri,86.2,26.2,94.3,5.1,8.2,51,6.7,0,0
6,5,sep,sat,92.2,102.3,751.5,8.4,19.7,35,1.8,0,0
2,2,aug,tue,92.1,152.6,658.2,14.3,21.8,56,3.1,0,0.52
7,4,aug,sun,91.6,181.3,613,7.6,19.3,61,4.9,0,0
6,5,mar,thu,84.9,18.2,55,3,5.3,70,4.5,0,2.14
8,6,sep,sat,92.5,121.1,674.4,8.6,17.8,56,1.8,0,1.95
4,4,sep,sat,92.5,88,698.6,7.1,19.6,48,2.7,0,0
8,6,sep,fri,91.1,91.3,738.1,7.2,20.7,46,2.7,0,30.18
7,4,feb,sun,83.9,8.7,32.1,2.1,8.8,68,2.2,0,13.05
4,4,mar,mon,87.6,52.2,103.8,5,11,46,5.8,0,0
4,5,mar,fri,85.9,19.5,57.3,2.8,12.7,52,6.3,0,0
8,6,sep,thu,93.7,80.9,685.2,17.9,23.7,25,4.5,0,1.12
6,5,sep,thu,92.8,119,783.5,7.5,21.6,27,2.2,0,0
5,5,mar,thu,90.9,18.9,30.6,8,11.6,48,5.4,0,0
7,4,aug,fri,94.8,227,706.7,12,23.3,34,3.1,0,0
1,2,aug,wed,95.5,99.9,513.3,13.2,23.3,31,4.5,0,0.55
4,3,sep,fri,90.3,290,855.3,7.4,19.9,44,3.1,0,7.8
5,4,aug,tue,95.1,141.3,605.8,17.7,24.1,43,6.3,0,2
7,4,sep,fri,92.1,99,745.3,9.6,18.7,50,2.2,0,5.97
8,6,sep,tue,91,129.5,692.6,7,13.1,63,5.4,0,0
6,3,sep,sun,91.7,75.6,718.3,7.8,17.7,39,3.6,0,0
2,4,aug,wed,95.2,217.7,690,18,30.8,19,4.5,0,0
2,4,aug,sun,91.6,181.3,613,7.6,20.9,50,2.2,0,16
7,4,aug,sun,91.4,142.4,601.4,10.6,16.3,60,5.4,0,0
2,4,aug,mon,95,135.5,596.3,21.3,30.6,28,3.6,0,2.07
6,5,apr,thu,81.5,9.1,55.2,2.7,5.8,54,5.8,0,10.93
6,3,sep,mon,88.6,91.8,709.9,7.1,11.2,78,7.6,0,0
1,2,aug,tue,94.8,108.3,647.1,17,18.6,51,4.5,0,0
1,4,aug,fri,90.6,269.8,811.2,5.5,22.2,45,3.6,0,0
1,3,sep,sat,91.2,94.3,744.4,8.4,22.3,48,4,0,0.72
6,3,sep,fri,92.5,122,789.7,10.2,19.7,39,2.7,0,0
2,5,aug,thu,87.5,77,694.8,5,22.3,46,4,0,0
7,4,jul,sat,91.6,104.2,474.9,9,22.1,49,2.7,0,0
7,4,aug,sat,90.2,110.9,537.4,6.2,19.5,43,5.8,0,0
3,4,sep,sun,92.4,124.1,680.7,8.5,22.5,42,5.4,0,0
4,4,aug,wed,95.1,141.3,605.8,17.7,20.6,58,1.3,0,0
6,4,apr,sat,86.3,27.4,97.1,5.1,9.3,44,4.5,0,0
3,5,mar,mon,87.6,52.2,103.8,5,9,49,2.2,0,0
4,4,sep,wed,90.1,82.9,735.7,6.2,12.9,74,4.9,0,0
3,4,aug,mon,91.5,145.4,608.2,10.7,10.3,74,2.2,0,0
4,6,mar,mon,87.2,23.9,64.7,4.1,14,39,3.1,0,0
4,4,sep,sat,91.2,124.4,795.3,8.5,17.1,41,2.2,0,11.22
7,4,sep,wed,89.7,284.9,844,10.1,10.5,77,4,0,0
6,5,sep,sat,92.5,121.1,674.4,8.6,25.1,27,4,0,1090.84
4,4,aug,fri,94.3,167.6,684.4,13,21.8,53,3.1,0,6.54
3,4,aug,thu,91.6,248.4,753.8,6.3,16.8,56,3.1,0,0
4,5,sep,wed,92.9,133.3,699.6,9.2,19.4,19,1.3,0,31.72
2,2,aug,wed,92.1,111.2,654.1,9.6,18.4,45,3.6,0,1.63
8,6,aug,mon,92.1,207,672.6,8.2,26.8,35,1.3,0,0.54
4,4,sep,sun,93.5,149.3,728.6,8.1,22.9,39,4.9,0,48.55
8,6,aug,sat,89.4,253.6,768.4,9.7,14.2,73,2.7,0,0
1,2,jul,fri,90.7,80.9,368.3,16.8,14.8,78,8,0,0
8,6,aug,tue,88.8,147.3,614.5,9,14.4,66,5.4,0,5.23
4,4,aug,tue,93.7,102.2,550.3,14.6,22.1,54,7.6,0,0.79
2,5,jun,thu,93.7,121.7,350.2,18,22.7,40,9.4,0,3.19
1,3,sep,sun,92.4,124.1,680.7,8.5,23.9,32,6.7,0,5.33
5,4,aug,tue,95.1,141.3,605.8,17.7,26.4,34,3.6,0,16.4
2,4,sep,mon,91.6,108.4,764,6.2,20.4,41,1.8,0,1.47
1,3,aug,fri,95.9,158,633.6,11.3,32.4,27,2.2,0,0
4,5,feb,sun,85,9,56.9,3.5,10.1,62,1.8,0,51.78
4,4,aug,thu,95.8,152,624.1,13.8,32.4,21,4.5,0,0
2,2,jul,fri,88.3,150.3,309.9,6.8,13.4,79,3.6,0,37.02
3,4,sep,mon,91.8,78.5,724.3,9.2,18.9,35,2.7,0,0
8,6,aug,sun,92.3,85.3,488,14.7,20.8,32,6.3,0,0
4,4,mar,mon,87.2,23.9,64.7,4.1,11.8,35,1.8,0,0
2,2,mar,sun,89.3,51.3,102.2,9.6,5.5,59,6.3,0,0
1,2,aug,fri,91,166.9,752.6,7.1,18.5,73,8.5,0,0
6,5,mar,fri,91.2,48.3,97.8,12.5,11.7,33,4,0,8.31
2,2,sep,fri,92.4,117.9,668,12.2,19.6,33,5.4,0,0
2,5,aug,sun,94.9,130.3,587.1,14.1,33.1,25,4,0,26.43
1,3,sep,fri,91.1,91.3,738.1,7.2,19.1,46,2.2,0,0.33
4,4,sep,fri,92.1,99,745.3,9.6,20.8,35,4.9,0,13.06
7,4,aug,sun,81.6,56.7,665.6,1.9,21.2,70,6.7,0,11.16
2,4,aug,wed,94.5,139.4,689.1,20,29.2,30,4.9,0,1.95
7,4,sep,fri,92.4,117.9,668,12.2,19,34,5.8,0,1.69
5,4,sep,fri,93.3,141.2,713.9,13.9,27.6,30,1.3,0,0
6,3,sep,mon,91.6,108.4,764,6.2,23,34,2.2,0,56.04
9,9,jul,sun,90.1,68.6,355.2,7.2,24.8,29,2.2,0,1.36
8,6,aug,sat,93.7,231.1,715.1,8.4,18.9,64,4.9,0,3.32
9,9,jul,thu,93.2,114.4,560,9.5,30.2,25,4.5,0,2.75
2,3,sep,mon,91.6,108.4,764,6.2,18,51,5.4,0,0
2,5,aug,sun,91.6,181.3,613,7.6,24.8,36,4,0,3.05
2,4,sep,sun,92.4,105.8,758.1,9.9,24.9,27,2.2,0,0
6,5,jun,mon,90.4,93.3,298.1,7.5,19.1,39,5.4,0,3.52
3,4,oct,sun,92.6,46.5,691.8,8.8,20.6,24,5.4,0,0
4,5,feb,sat,84.7,8.2,55,2.9,14.2,46,4,0,0
4,5,aug,mon,96.2,175.5,661.8,16.8,32.6,26,3.1,0,2.77
1,5,sep,mon,90.9,126.5,686.5,7,21,42,2.2,0,7.3
4,4,sep,thu,92.9,137,706.4,9.2,20.8,17,1.3,0,0
6,5,sep,sat,91.2,94.3,744.4,8.4,16.8,47,4.9,0,12.64
3,4,feb,wed,86.9,6.6,18.7,3.2,8.8,35,3.1,0,1.1
2,4,aug,sun,91.8,175.1,700.7,13.8,22.4,54,7.6,0,2.87
5,4,sep,wed,92.9,133.3,699.6,9.2,21.9,35,1.8,0,2.57
3,4,mar,mon,90.1,39.7,86.6,6.2,10.6,30,4,0,0
1,4,aug,wed,91.7,191.4,635.9,7.8,19.9,50,4,0,82.75
8,6,oct,mon,84.9,32.8,664.2,3,19.1,32,4,0,5.44
7,4,jul,mon,89.2,103.9,431.6,6.4,22.6,57,4.9,0,278.53
3,4,sep,thu,91.1,88.2,731.7,8.3,22.8,46,4,0,4.95
6,6,aug,sat,96,164,643,14,30.8,30,4.9,0,8.59
3,4,aug,sun,91.4,142.4,601.4,10.6,19.8,39,5.4,0,0
2,2,sep,sat,92.5,121.1,674.4,8.6,18.2,46,1.8,0,200.94
6,3,apr,wed,88,17.2,43.5,3.8,15.2,51,2.7,0,0
8,3,sep,tue,84.4,73.4,671.9,3.2,24.2,28,3.6,0,0.96
9,4,sep,tue,84.4,73.4,671.9,3.2,24.3,36,3.1,0,105.66
7,4,aug,sun,91.4,142.4,601.4,10.6,20.1,39,5.4,0,2.74
6,5,aug,tue,94.3,131.7,607.1,22.7,19.4,55,4,0,0.17
6,3,sep,fri,88.6,69.7,706.8,5.8,20.6,37,1.8,0,0
4,4,oct,sat,90.6,43.7,686.9,6.7,18.4,25,3.1,0,24.23
6,4,aug,thu,95.2,131.7,578.8,10.4,20.3,41,4,0,1.9
2,4,sep,sat,93.4,145.4,721.4,8.1,28.6,27,2.2,0,1.61
2,5,sep,wed,90.1,82.9,735.7,6.2,18.3,45,2.2,0,4.88
3,4,sep,fri,93.3,141.2,713.9,13.9,18.6,49,3.6,0,35.88
1,2,aug,fri,90.1,108,529.8,12.5,14.7,66,2.7,0,0
1,2,sep,thu,92.9,137,706.4,9.2,21.5,15,0.9,0,0
3,5,aug,sat,93.5,139.4,594.2,20.3,17.6,52,5.8,0,0
4,3,aug,wed,94.5,139.4,689.1,20,28.9,29,4.9,0,49.59
4,4,sep,fri,92.1,99,745.3,9.6,20.8,35,4.9,0,1.26
5,6,aug,sun,91.6,181.3,613,7.6,24.3,33,3.6,0,3.63
4,5,aug,wed,95.2,217.7,690,18,23.4,49,5.4,0,6.43
4,4,dec,mon,85.4,25.4,349.7,2.6,4.6,21,8.5,0,17.85
4,4,aug,sat,90.2,96.9,624.2,8.9,18.4,42,6.7,0,0
5,4,aug,sun,93.6,235.1,723.1,10.1,24.1,50,4,0,0
6,5,sep,wed,92.9,133.3,699.6,9.2,26.4,21,4.5,0,0
7,4,jun,sun,94.3,96.3,200,56.1,21,44,4.5,0,0
6,3,sep,sun,93.5,149.3,728.6,8.1,22.8,39,3.6,0,0
6,3,sep,mon,91.8,78.5,724.3,9.2,21.2,32,2.7,0,0
6,5,aug,tue,96.1,181.1,671.2,14.3,33.3,26,2.7,0,40.54
8,5,aug,wed,93.1,157.3,666.7,13.5,26.8,25,3.1,0,0.68
6,3,oct,tue,90.6,35.4,669.1,6.7,21.7,24,4.5,0,0
6,3,sep,thu,92.8,119,783.5,7.5,18.9,34,7.2,0,34.36
3,4,aug,tue,92.1,152.6,658.2,14.3,21,32,3.1,0,0
2,5,aug,fri,93.9,135.7,586.7,15.1,23.5,36,5.4,0,10.02
8,6,aug,wed,95.2,217.7,690,18,28.2,29,1.8,0,5.86
8,6,aug,mon,92.1,207,672.6,8.2,25.5,29,1.8,0,1.23
8,6,aug,sun,91.4,142.4,601.4,10.6,19.6,41,5.8,0,196.48
1,4,sep,mon,91.5,130.1,807.1,7.5,21.3,35,2.2,0,28.19
4,3,jul,thu,93.5,85.3,395,9.9,27.2,28,1.3,0,1.76
1,3,sep,mon,88.6,91.8,709.9,7.1,12.4,73,6.3,0,30.32
4,3,sep,mon,91.6,108.4,764,6.2,9.8,86,1.8,0,0
3,4,aug,mon,91.5,145.4,608.2,10.7,17.1,43,5.4,0,0
8,6,aug,mon,91.1,103.2,638.8,5.8,23.4,22,2.7,0,0
4,4,dec,mon,85.4,25.4,349.7,2.6,4.6,21,8.5,0,22.03
2,5,aug,tue,92.1,152.6,658.2,14.3,20.2,47,4,0,3.09
7,5,sep,tue,91,129.5,692.6,7,20.7,37,2.2,0,17.2
6,5,feb,tue,75.1,4.4,16.2,1.9,4.6,82,6.3,0,5.39
6,5,jun,fri,92.5,56.4,433.3,7.1,23.2,39,5.4,0,1.19
8,6,aug,thu,94.8,222.4,698.6,13.9,23.9,38,6.7,0,0
6,3,feb,fri,84.1,7.3,52.8,2.7,14.7,42,2.7,0,0
6,5,sep,fri,92.4,117.9,668,12.2,19.6,33,6.3,0,19.23
4,5,mar,fri,91.2,48.3,97.8,12.5,15.8,27,7.6,0,0
1,2,aug,thu,91.7,114.3,661.3,6.3,20.2,45,3.6,0,0
8,6,mar,sun,89.3,51.3,102.2,9.6,11.5,39,5.8,0,7.19
8,6,aug,mon,92.3,88.9,495.6,8.5,24.1,27,3.1,0,0
8,6,aug,tue,96.1,181.1,671.2,14.3,21.6,65,4.9,0.8,0
7,5,sep,sat,92.5,88,698.6,7.1,22.8,40,4,0,0
2,2,mar,sun,89.3,51.3,102.2,9.6,11.5,39,5.8,0,0
1,4,aug,sat,90.2,96.9,624.2,8.9,20.3,39,4.9,0,4.53
7,4,sep,thu,89.7,287.2,849.3,6.8,19.4,45,3.6,0,0
3,5,oct,wed,91.4,37.9,673.8,5.2,15.9,46,3.6,0,0
2,5,oct,sun,92.6,46.5,691.8,8.8,15.4,35,0.9,0,0
2,2,feb,sat,79.5,3.6,15.3,1.8,4.6,59,0.9,0,6.84
7,4,aug,sat,91.6,273.8,819.1,7.7,15.5,72,8,0,1.94
7,4,jul,sat,91.6,104.2,474.9,9,24.3,30,1.8,0,0
3,4,aug,fri,91.6,112.4,573,8.9,11.2,84,7.6,0,3.3
7,4,sep,fri,92.4,117.9,668,12.2,19,34,5.8,0,0
8,6,aug,sat,93.7,231.1,715.1,8.4,18.9,64,4.9,0,0
4,4,dec,mon,85.4,25.4,349.7,2.6,4.6,21,8.5,0,9.77
3,4,aug,sun,91.8,175.1,700.7,13.8,26.8,38,6.3,0,0.76
7,4,jul,sun,93.7,101.3,423.4,14.7,18.2,82,4.5,0,2.21
8,6,aug,thu,90.7,194.1,643,6.8,21.3,41,3.6,0,0
5,6,sep,wed,94.3,85.1,692.3,15.9,25.9,24,4,0,0
1,4,sep,fri,92.5,122,789.7,10.2,21.1,39,2.2,0,8.12
6,5,sep,sat,92.2,102.3,751.5,8.4,21.2,32,2.2,0,0
2,4,mar,tue,93.4,15,25.6,11.4,15.2,19,7.6,0,0
5,4,aug,thu,94.8,222.4,698.6,13.9,20.3,42,2.7,0,0
6,5,may,sat,85.1,28,113.8,3.5,11.3,94,4.9,0,0
1,2,aug,wed,92.1,111.2,654.1,9.6,16.6,47,0.9,0,0
7,4,mar,mon,90.1,39.7,86.6,6.2,16.1,29,3.1,0,1.75
3,4,sep,tue,91,129.5,692.6,7,13.9,59,6.3,0,11.24
2,4,sep,sat,92.5,121.1,674.4,8.6,24.1,29,4.5,0,0
4,5,sep,tue,91.1,132.3,812.1,12.5,16.4,27,3.6,0,0
9,9,feb,fri,86.6,13.2,43,5.3,15.7,43,3.1,0,0
5,4,aug,tue,88.8,147.3,614.5,9,17.3,43,4.5,0,0
4,4,aug,tue,96.1,181.1,671.2,14.3,20.7,69,4.9,0.4,0
9,4,jul,sat,91.6,104.2,474.9,9,25.3,39,0.9,0,8
4,4,mar,sat,91.7,35.8,80.8,7.8,17,27,4.9,0,28.66
6,5,mar,mon,90.1,39.7,86.6,6.2,15.2,27,3.1,0,31.86
3,4,aug,thu,93,75.3,466.6,7.7,19.6,36,3.1,0,0
2,4,aug,thu,91.6,248.4,753.8,6.3,16.6,59,2.7,0,0
4,5,sep,thu,92.9,137,706.4,9.2,21.5,15,0.9,0,11.06
4,3,jul,sun,93.7,101.3,423.4,14.7,26.1,45,4,0,7.36
4,3,mar,mon,87.6,52.2,103.8,5,11,46,5.8,0,36.85
1,4,aug,sat,90.2,96.9,624.2,8.9,14.2,53,1.8,0,3.5
1,4,aug,fri,90.5,196.8,649.9,16.3,11.8,88,4.9,0,9.71
4,4,mar,sat,91.7,35.8,80.8,7.8,17,27,4.9,0,28.66
3,4,sep,sun,89.7,90,704.4,4.8,22.8,39,3.6,0,0
6,4,feb,tue,75.1,4.4,16.2,1.9,5.1,77,5.4,0,2.14
8,6,aug,sun,81.6,56.7,665.6,1.9,27.8,35,2.7,0,0
6,6,jul,mon,94.2,62.3,442.9,11,23,36,3.1,0,0
5,4,sep,fri,92.1,99,745.3,9.6,10.1,75,3.6,0,0
3,4,mar,fri,91.7,33.3,77.5,9,18.8,18,4.5,0,0
2,2,aug,tue,94.8,108.3,647.1,17,17.4,43,6.7,0,1.07
2,4,sep,sun,92.4,105.8,758.1,9.9,16,45,1.8,0,0
2,5,sep,mon,91.6,108.4,764,6.2,19.3,44,2.2,0,3.93
3,4,aug,sun,91.4,142.4,601.4,10.6,19.8,39,5.4,0,0
4,6,feb,sat,68.2,21.5,87.2,0.8,15.4,40,2.7,0,0
3,5,sep,thu,90.7,136.9,822.8,6.8,12.9,39,2.7,0,2.18
2,4,sep,sun,50.4,46.2,706.6,0.4,12.2,78,6.3,0,0
4,5,jul,fri,91.6,100.2,466.3,6.3,22.9,40,1.3,0,2.64
6,3,sep,tue,90.3,80.7,730.2,6.3,18.2,62,4.5,0,0
2,4,aug,fri,91,166.9,752.6,7.1,25.9,41,3.6,0,0
2,2,feb,mon,84,9.3,34,2.1,13.9,40,5.4,0,0